w = 2.02+/-0.0
c = 0.06752172018689195+/-0.0
lam = 0.41887902047863906+/-0.0
g = 9.81+/-0.0
rR = 0.33+/-0.0
mR = 5.6+/-0.0
IRxx = 0.22651999999999997+/-0.0
IRyy = 0.45303999999999994+/-0.0
xB = 0.43441641593317204+/-0.0
zB = -0.9231671593694692+/-0.0
mB = 77.5793238744298+/-0.0
IBxx = 8.8248930664252+/-0.0
IByy = 10.921786570172907+/-0.0
IBzz = 2.096893503747736+/-0.0
IBxz = 0.6828076670092873+/-0.0
xH = 1.9214536098422994+/-0.0
zH = -0.3780383511874035+/-0.0
mH = 0.4604871113408232+/-0.0
IHxx = 0.00552329193567862+/-0.0
IHyy = 0.005546629199065186+/-0.0
IHzz = 2.3337263386662697e-05+/-0.0
IHxz = -0.00014868608633665915+/-0.0
rF = 0.25+/-0.0
mF = 1.8+/-0.0
IFxx = 0.03825+/-0.0
IFyy = 0.0765+/-0.0
